,params,data
batch_size,64,
lr,0.0001,
max_epochs,2000,
module__activation_fct,prelu,
module__channel_list,"[(87, None), (48, 3), (54, 3)]",
module__conv_type,temporal,
module__dropout,0.5511624741503276,
module__fc_hidden_layers,"[1936, 64]",
module__preprocess,LSC,
train_loss,,"[2.878456790630634, 2.776008338194627, 2.750099361859835, 2.7134811548086315, 2.708620434540969, 2.7142355368687556, 2.69509011048537, 2.6787193555098314, 2.6654835150792047, 2.685233901097224, 2.6796724759615387, 2.65280132660499, 2.6696342138143687, 2.655321686084454, 2.6589298248291016, 2.6640560480264517, 2.636747914094191, 2.6616810101729174, 2.6487559648660515, 2.6498107213240405, 2.653329610824585, 2.645846931750958, 2.648763711635883, 2.633563038019034, 2.6412973697368916, 2.6301642637986404, 2.6437967300415037, 2.6111849784851073, 2.6246500675494855, 2.6166380955622746, 2.603548090274517, 2.5986159838162934, 2.560421210068923, 2.565502933355478, 2.5849734453054576, 2.5455671310424806, 2.551848334532518, 2.5578739312978893, 2.5423565571124738, 2.5505211976858284, 2.507472797540518, 2.5286778156573955, 2.5180175084334153, 2.485328949414767, 2.5004379015702467, 2.510069568340595, 2.5218819031348594, 2.5081283019139216, 2.4667639072124774, 2.4814603622143085, 2.509929822041438, 2.510863549892719, 2.484967565536499, 2.470532982165997, 2.479500851264367, 2.474228231723492, 2.484641691354605, 2.4649752910320575, 2.4623871803283692, 2.528562017587515, 2.4705712208381065, 2.478866324057946, 2.450361204147339, 2.4931446992433988, 2.453312510710496, 2.420487800011268, 2.4467256509340727, 2.443371090522179, 2.4220549693474402, 2.404335803252, 2.408939577982976, 2.3588586036975565, 2.3558837670546313, 2.3352035485781157, 2.3511493059305044, 2.272531975232638, 2.2655010003309983, 2.285074362388024, 2.2715385143573465, 2.245862208879911, 2.254480424294105, 2.260880635334895, 2.1954572457533614, 2.2013646896068866, 2.1981827149024378, 2.2287655463585487, 2.1809198672954855, 2.1533665803762583, 2.1994812415196345, 2.164391979804406, 2.2036554116469165, 2.173335772294265, 2.162132688669058, 2.1835089976970967, 2.124431265317477, 2.0949983816880446, 2.1784436005812426, 2.163117610491239, 2.096282980992244, 2.1055056975438045, 2.087472413136409, 2.04169418995197, 2.070145480449383, 2.062726380274846, 2.0722786371524515, 2.111462409679706, 2.1163666835198036, 2.031140426489023, 2.1174459824195275, 2.114899483093849, 2.087743463883033, 2.012924419916593, 2.074307896540715, 2.0804399490356444, 2.006146926146287, 2.0655338507432206, 1.9618572033368624, 2.011685587809636, 1.9894705845759466, 1.9475622690640964, 2.0185777040628285, 1.9998114090699417, 2.02829518868373, 1.9489794951218826, 1.948139161330003, 1.9892058445857121, 1.9997911783365103, 1.9784750975095309, 1.9668278840871958, 1.9565872320762048, 1.9542122657482441, 1.9568777652887197, 1.910056972503662, 1.9621725522554838, 1.872531377352201, 1.8613770723342895, 1.9293544475848858, 1.9061471095451943, 1.901791581740746, 1.8759920908854557, 1.8761509345127987, 1.8820538997650147, 1.9108526890094464, 1.904354608975924, 1.9032120888049786, 1.8467380743760329, 1.9135569425729604, 1.9011876564759476, 1.8815245665036715, 1.8072207084068885, 1.8845490859105036, 1.8640063964403593, 1.8734764924416176, 1.8912383262927717, 1.8308251417600192, 1.8504885233365573, 1.8398016782907338, 1.7825609152133648, 1.8178005585303674, 1.860663314966055, 1.7933218845954308, 1.824518317442674, 1.860043659577003, 1.778140168923598, 1.7831671237945557, 1.7985044809488149, 1.7906312392308161, 1.7743939601458036, 1.7558300403448253, 1.7087565990594717, 1.8057976961135864, 1.800414488865779, 1.685410576600295, 1.7377910192196186, 1.7446349400740404, 1.7263109647310697, 1.8240234063221858, 1.7808089347986074, 1.756460112791795, 1.7668110168897189, 1.7898537690822895, 1.6984940473849957, 1.7504417419433593, 1.730781080172612, 1.6867979031342726, 1.7142714683826152, 1.7438204471881573, 1.7553141630612887, 1.754505311525785, 1.6946046095628005, 1.771125712761512, 1.6760094239161565, 1.7060889134040245, 1.7303838363060584, 1.6916038971680862, 1.678593558531541, 1.6726212703264676, 1.704293575653663, 1.6816704768400925, 1.7135962853064903, 1.7223006963729859, 1.7423570559575008, 1.6444585928550133, 1.6580795196386484, 1.6181259008554312, 1.6492422342300415, 1.7462335586547852, 1.6659781235914963, 1.6123994295413677, 1.6255609769087571, 1.6322520879598765, 1.634286799797645, 1.6480334905477672, 1.6325716697252715, 1.6656937140684862, 1.6151647586088913, 1.6130240587087779, 1.5991656596844013, 1.6331125020980835, 1.6013029428628776, 1.6738283560826228, 1.6155639813496516, 1.5581872041408833, 1.6193233526670017, 1.627565339895395, 1.622573971748352, 1.6063502641824576, 1.6077672188098615, 1.5630081653594972, 1.6339435980870174, 1.5349501298024104, 1.5662648531106802, 1.5459731322068435, 1.6620213655325082, 1.5733276477226845, 1.5615216365227333, 1.5323468318352333, 1.5491739969987135, 1.6030444218562199, 1.6016701203126174, 1.5861066231360803, 1.5126581375415509, 1.5482291606756358, 1.5843240884634164, 1.6031476240891678, 1.5304095653387217, 1.5200925533588117, 1.5442277431488036, 1.5361435670119066, 1.5506118389276358, 1.563835807947012, 1.4783097047072191, 1.4569480712597187, 1.5274040057108953, 1.4829675857837383, 1.5162226841999935, 1.498875695008498, 1.5925950600550725, 1.5515995575831487, 1.5183049513743474, 1.4591326346764197, 1.4748565948926486, 1.4545324637339665, 1.5051494745107799, 1.4910890689262977, 1.4892034512299759, 1.448629747904264, 1.4968470921883217, 1.465927874124967, 1.5397582787733812, 1.4745554813971886, 1.4545148482689492, 1.4635251155266396, 1.4594449024934035, 1.5085094635303204, 1.5132486178324773, 1.4843754511613112, 1.452665851666377, 1.4677359718542833, 1.5140601873397828, 1.4695613732704749, 1.4642994963205778, 1.483720537332388, 1.461505022415748, 1.415981151507451, 1.4858710032242994, 1.489303786938007, 1.4285579626376812, 1.4439188938874465, 1.4555108107053316, 1.4787563745792096, 1.3666917892602775, 1.383679670553941, 1.3793577139194195, 1.4337515207437368, 1.4833942890167235, 1.4659535884857178, 1.4081975991909321, 1.416170046879695, 1.4730556781475361, 1.4228214025497437, 1.3912557381850021, 1.3915191870469314, 1.4327213580791767, 1.4088561351482685, 1.3696609478730422, 1.4085621283604548, 1.3923053457186771, 1.4599820888959445, 1.5206280891711896, 1.3722166794996995, 1.41680334347945, 1.3917482476968033, 1.3474552209560688, 1.4871177178162795, 1.3586342646525456, 1.4373516229482797, 1.340143216573275, 1.4107927230688242, 1.4549393222882196, 1.368335037965041, 1.4664209384184617, 1.4085598578819862, 1.3871395074404202, 1.4413337597480187, 1.3785248646369348, 1.4226188512948843, 1.3602125507134657, 1.4219226580399733, 1.4008488379991972, 1.341499084692735, 1.3962092527976402, 1.3702984736515926, 1.3670575609573952, 1.4127711901297937, 1.3674141003535345, 1.358294100027818, 1.3567557389919573, 1.3513030950839704, 1.3545441040625938, 1.3889826646217933, 1.3423849142514743, 1.3276574171506441, 1.3819279652375442, 1.409424326970027, 1.3364850466067975, 1.3562639254790085, 1.3423163945858294, 1.3718022346496581, 1.3110078206429114, 1.33872494330773, 1.3940274669573858, 1.340931272506714, 1.3400017261505126, 1.3744062662124634, 1.3730407146307138, 1.298046245941749, 1.3573384926869319, 1.3992965111365685, 1.3567760962706346, 1.383371432010944, 1.3445710035470815, 1.3799751740235549, 1.3736164093017578, 1.3314975023269653, 1.3559562866504375, 1.3281834308917706, 1.3504068704751822, 1.280448278097006, 1.3206213877751276, 1.3348517197829026, 1.3164432158836952, 1.2798707943696241, 1.2704908022513757, 1.3697926924778865, 1.3820830418513372, 1.323610745026515, 1.3306396722793579, 1.3395000879581158, 1.3130879842318022, 1.3264918464880724, 1.3442707777023315, 1.3003833238895124, 1.3124402174582848, 1.358486065497765, 1.3589910213763898, 1.2648236366418693, 1.3392393240561853, 1.3359163284301758, 1.3250305487559393, 1.299271900837238, 1.3250197428923387, 1.2548385610947241, 1.2593266927278959, 1.3491866661952092, 1.3296205126322234, 1.3390137103887705, 1.322823379589961, 1.2798253077727098, 1.3408926688707792, 1.3217074394226074, 1.3211858639350305, 1.2667831677656907, 1.3006097573500413, 1.3503135644472561, 1.3149835082200858, 1.2937827422068668, 1.3694677096146803, 1.2696450490217943, 1.3688130965599647, 1.3038479621593768, 1.2699367202245273, 1.2865774594820463, 1.2729062227102426, 1.3289207238417404, 1.290274453163147, 1.3387674735142634, 1.2757355671662551, 1.29262440938216, 1.246257103406466, 1.3313600998658401, 1.3254096526366013, 1.2724999886292678, 1.2628302482458262, 1.2888682814744803, 1.350881842466501, 1.2982466184175931, 1.2659820868418767, 1.278752510364239, 1.3176482934218186, 1.2837982948009785, 1.2661469505383418, 1.3950920838576097, 1.3157811623353224, 1.275216293334961, 1.3166920313468347, 1.2974931616049545, 1.2501547024800228, 1.2850512577937199, 1.2427235695031973, 1.2647835639806895, 1.3090775398107675, 1.270575365653405, 1.2836358052033645, 1.2724245364849385, 1.2403661617865929, 1.241813740363488, 1.3273927028362567, 1.272536325454712, 1.2908516535392174, 1.2264039167991052, 1.2789005481279814, 1.2952515015235313, 1.2523962571070744, 1.2509942256487332, 1.2943216800689696, 1.3031959240253155, 1.2890995887609629, 1.2287810509021466, 1.2341481520579412, 1.2365063960735614, 1.2678602530406071, 1.29863304908459, 1.324945898239429, 1.297175277196444, 1.265218057999244, 1.2594090700149536, 1.2776199469199547, 1.2763373118180494, 1.286469105573801, 1.29611790730403, 1.2515239587196938, 1.2533212606723492, 1.2916698859288143, 1.286213258596567, 1.247841441631317, 1.272477218737969, 1.2151119195497952, 1.2804224747877855, 1.2624916901955239, 1.2721666519458477, 1.2933301228743332, 1.2593475653575017, 1.2572079676848191, 1.2306251562558688, 1.2125823149314294, 1.3026812828504122, 1.227577150785006, 1.262462276678819, 1.2554643117464506, 1.264855538881742, 1.234067445534926, 1.245726308455834, 1.293942192884592, 1.24859394293565, 1.2319150521205022, 1.2411845207214356, 1.2920953805630024, 1.2966868987450233, 1.3021942157011765, 1.231452725483821, 1.254504372523381, 1.2661555418601402, 1.2719507336616516, 1.2111829280853272, 1.213993868461022, 1.2590809858762302, 1.185807139139909, 1.2570651494539702, 1.2905671669886662, 1.3068068907811092, 1.2165120675013616, 1.270635775419382, 1.2794264444938073, 1.2516390543717604, 1.21534256201524, 1.2595326643723708, 1.2627354731926552, 1.2167385147168086, 1.2097010108140798, 1.1468597980645987, 1.2368748884934646, 1.22760457442357, 1.1964083359791682, 1.3300440659889807, 1.193529013487009, 1.2203530054826004, 1.2090498264019305, 1.2321044885195218, 1.319177242425772, 1.2529167615450345, 1.2208311062592727, 1.2587267939861004, 1.2971039111797626, 1.2334885441339933, 1.2218247743753285, 1.2556941399207482, 1.250939912062425, 1.2566724291214577, 1.2832876682281493, 1.2065321537164542, 1.2712808498969446, 1.2973509091597337, 1.2363285046357375, 1.249367435161884, 1.229880008330712, 1.192178696852464, 1.1845723042121301, 1.2223659973878127, 1.1985083946814903, 1.2545878080221322, 1.2451635709175697, 1.1751188718355619, 1.289189340518071, 1.27760808467865, 1.1868981929925773, 1.2219588573162372, 1.2420134764451247, 1.2042867275384757, 1.2495643285604623, 1.261413522867056, 1.2205550597264216, 1.1917691304133489, 1.2821260012113131, 1.1728675365447998, 1.2627834723545954, 1.180620259505052, 1.1809372901916504, 1.2112262432391827, 1.2231257163561307, 1.223930839391855, 1.1978990756548369, 1.2146411987451406, 1.2646704031870915, 1.2556361088385948, 1.1940911109630878, 1.2624849411157462, 1.2053661722403306, 1.2727396910007183, 1.2441729087095994, 1.2326677359067477, 1.2721707820892334, 1.2275305858025185, 1.2689899059442373, 1.2124200124007005, 1.161113298856295, 1.2225438640667843, 1.2054347955263578, 1.2169905497477604, 1.2145591304852412, 1.2418443001233614, 1.259846729498643, 1.234840990946843, 1.252987196812263, 1.2745237827301026, 1.2501094891474798, 1.2166454498584454, 1.2287291004107548, 1.2544354145343488, 1.2540877433923574, 1.2343954948278575, 1.230369210243225, 1.190448938883268, 1.1969731587630053, 1.2328289618858925, 1.234299387381627, 1.2621287474265466, 1.1941195744734543, 1.2099649502680851, 1.255713754433852, 1.1976804513197679, 1.2624343826220585, 1.2211231470108033, 1.2771126600412221, 1.2194585139934833, 1.2639240760069628, 1.1687596724583553, 1.2421865096459022, 1.2295645823845496, 1.2401918429594774, 1.2117041422770574, 1.2143314104813796, 1.261227299616887, 1.1704575300216675, 1.215374047939594, 1.263705381980309, 1.2245076986459584, 1.2799281633817232, 1.2286136920635518, 1.2046237377020028, 1.2139811405768761, 1.20787321971013, 1.2453762733019316, 1.252333798775306, 1.2040132559262788, 1.166575050354004, 1.165756409901839, 1.178800208751972, 1.2013010795299823, 1.1556107640266418, 1.164973430450146, 1.1963790618456327, 1.1524959912666908, 1.2552279472351073, 1.1770753346956693, 1.1905793263362003, 1.193117961516747, 1.172243987596952, 1.171616360774407, 1.1824204344015854, 1.1476271335895245, 1.2011923111402072, 1.2833382808245146, 1.2037727007499108, 1.1887508694942182, 1.251810834958003, 1.205053657751817, 1.166443162698012, 1.233140963774461, 1.2176332547114446, 1.1503099368168757, 1.186859943316533, 1.1901352680646455, 1.2174838249499982, 1.1559779845751248, 1.202331440265362, 1.2900506588128897, 1.2027809216425969, 1.2244214974916898, 1.205109247794518, 1.1293061714905959, 1.2082969995645376, 1.2471348964251006, 1.1481916647690993, 1.1973359034611628, 1.1691150225125826, 1.2472276614262507, 1.1518865521137531, 1.1665567251352162, 1.2062131551595834, 1.1819141864776612, 1.1776707704250629, 1.1832935452461242, 1.1547453036675086, 1.249207919377547, 1.188795438179603]"
valid_acc,,"[0.07116104868913857, 0.07116104868913857, 0.07116104868913857, 0.07116104868913857, 0.0749063670411985, 0.07116104868913857, 0.08239700374531835, 0.07116104868913857, 0.0749063670411985, 0.06367041198501873, 0.06367041198501873, 0.0749063670411985, 0.08239700374531835, 0.06741573033707865, 0.09363295880149813, 0.08239700374531835, 0.10861423220973783, 0.1198501872659176, 0.10861423220973783, 0.1198501872659176, 0.11610486891385768, 0.11235955056179775, 0.14606741573033707, 0.1198501872659176, 0.15730337078651685, 0.16104868913857678, 0.1797752808988764, 0.1797752808988764, 0.21348314606741572, 0.18352059925093633, 0.20599250936329588, 0.2247191011235955, 0.24719101123595505, 0.18352059925093633, 0.22846441947565543, 0.2209737827715356, 0.22846441947565543, 0.250936329588015, 0.2808988764044944, 0.23220973782771537, 0.26591760299625467, 0.2846441947565543, 0.24344569288389514, 0.26217228464419473, 0.2958801498127341, 0.3295880149812734, 0.299625468164794, 0.31835205992509363, 0.3295880149812734, 0.3333333333333333, 0.30711610486891383, 0.299625468164794, 0.2846441947565543, 0.3295880149812734, 0.31835205992509363, 0.31086142322097376, 0.299625468164794, 0.30711610486891383, 0.3333333333333333, 0.3970037453183521, 0.352059925093633, 0.31835205992509363, 0.36329588014981273, 0.3857677902621723, 0.40074906367041196, 0.39325842696629215, 0.4157303370786517, 0.3857677902621723, 0.36704119850187267, 0.43820224719101125, 0.42696629213483145, 0.43820224719101125, 0.4794007490636704, 0.47191011235955055, 0.5056179775280899, 0.5131086142322098, 0.5131086142322098, 0.5692883895131086, 0.5880149812734082, 0.5805243445692884, 0.6067415730337079, 0.6067415730337079, 0.5955056179775281, 0.5955056179775281, 0.6142322097378277, 0.6254681647940075, 0.6479400749063671, 0.6067415730337079, 0.6179775280898876, 0.6441947565543071, 0.6329588014981273, 0.6666666666666666, 0.6554307116104869, 0.6779026217228464, 0.6629213483146067, 0.6816479400749064, 0.6779026217228464, 0.6479400749063671, 0.6629213483146067, 0.6704119850187266, 0.704119850187266, 0.6928838951310862, 0.6816479400749064, 0.6891385767790262, 0.704119850187266, 0.7191011235955056, 0.7116104868913857, 0.7453183520599251, 0.6966292134831461, 0.7116104868913857, 0.7116104868913857, 0.7228464419475655, 0.7303370786516854, 0.7265917602996255, 0.7116104868913857, 0.7378277153558053, 0.7078651685393258, 0.7303370786516854, 0.7153558052434457, 0.7303370786516854, 0.7415730337078652, 0.7528089887640449, 0.7265917602996255, 0.7378277153558053, 0.7528089887640449, 0.7528089887640449, 0.7602996254681648, 0.7116104868913857, 0.7602996254681648, 0.7677902621722846, 0.7415730337078652, 0.7528089887640449, 0.7640449438202247, 0.7640449438202247, 0.7715355805243446, 0.7640449438202247, 0.7490636704119851, 0.7303370786516854, 0.7303370786516854, 0.7415730337078652, 0.7565543071161048, 0.7602996254681648, 0.7827715355805244, 0.7565543071161048, 0.7715355805243446, 0.7677902621722846, 0.7565543071161048, 0.7752808988764045, 0.7827715355805244, 0.7640449438202247, 0.7752808988764045, 0.7865168539325843, 0.7715355805243446, 0.7715355805243446, 0.7640449438202247, 0.7827715355805244, 0.7715355805243446, 0.7640449438202247, 0.7940074906367042, 0.7752808988764045, 0.7827715355805244, 0.7865168539325843, 0.7902621722846442, 0.7640449438202247, 0.7865168539325843, 0.797752808988764, 0.7865168539325843, 0.8052434456928839, 0.7902621722846442, 0.7940074906367042, 0.8014981273408239, 0.797752808988764, 0.797752808988764, 0.8014981273408239, 0.8014981273408239, 0.7790262172284644, 0.797752808988764, 0.8164794007490637, 0.797752808988764, 0.8202247191011236, 0.8127340823970037, 0.797752808988764, 0.8052434456928839, 0.8202247191011236, 0.8202247191011236, 0.8202247191011236, 0.8202247191011236, 0.8277153558052435, 0.8127340823970037, 0.8202247191011236, 0.8089887640449438, 0.8127340823970037, 0.8202247191011236, 0.8277153558052435, 0.8089887640449438, 0.8277153558052435, 0.8239700374531835, 0.8314606741573034, 0.8202247191011236, 0.8202247191011236, 0.8389513108614233, 0.8164794007490637, 0.8389513108614233, 0.8539325842696629, 0.8239700374531835, 0.846441947565543, 0.8202247191011236, 0.8352059925093633, 0.8352059925093633, 0.8389513108614233, 0.8352059925093633, 0.8202247191011236, 0.8127340823970037, 0.846441947565543, 0.8426966292134831, 0.8389513108614233, 0.8426966292134831, 0.8352059925093633, 0.8352059925093633, 0.8389513108614233, 0.8576779026217228, 0.8426966292134831, 0.8389513108614233, 0.8389513108614233, 0.8352059925093633, 0.8426966292134831, 0.850187265917603, 0.8576779026217228, 0.8576779026217228, 0.8539325842696629, 0.8614232209737828, 0.846441947565543, 0.8389513108614233, 0.7865168539325843, 0.8352059925093633, 0.8539325842696629, 0.8389513108614233, 0.8539325842696629, 0.8614232209737828, 0.8352059925093633, 0.8576779026217228, 0.8614232209737828, 0.846441947565543, 0.8614232209737828, 0.8576779026217228, 0.850187265917603, 0.8614232209737828, 0.8689138576779026, 0.8689138576779026, 0.8614232209737828, 0.8614232209737828, 0.850187265917603, 0.8726591760299626, 0.8764044943820225, 0.8764044943820225, 0.8576779026217228, 0.8689138576779026, 0.8801498127340824, 0.8801498127340824, 0.8651685393258427, 0.8838951310861424, 0.8801498127340824, 0.8726591760299626, 0.8539325842696629, 0.8764044943820225, 0.8913857677902621, 0.8651685393258427, 0.8651685393258427, 0.8764044943820225, 0.8576779026217228, 0.8801498127340824, 0.8614232209737828, 0.8838951310861424, 0.8726591760299626, 0.898876404494382, 0.8801498127340824, 0.8951310861423221, 0.8876404494382022, 0.8838951310861424, 0.8876404494382022, 0.8951310861423221, 0.8876404494382022, 0.8801498127340824, 0.8951310861423221, 0.8951310861423221, 0.8951310861423221, 0.8876404494382022, 0.8838951310861424, 0.8876404494382022, 0.8951310861423221, 0.8614232209737828, 0.8913857677902621, 0.8801498127340824, 0.8876404494382022, 0.8876404494382022, 0.8838951310861424, 0.8876404494382022, 0.8913857677902621, 0.8913857677902621, 0.8689138576779026, 0.8951310861423221, 0.8951310861423221, 0.8801498127340824, 0.8801498127340824, 0.8876404494382022, 0.8651685393258427, 0.8876404494382022, 0.8876404494382022, 0.8876404494382022, 0.8951310861423221, 0.8801498127340824, 0.8726591760299626, 0.9138576779026217, 0.8838951310861424, 0.9026217228464419, 0.9026217228464419, 0.898876404494382, 0.8838951310861424, 0.8951310861423221, 0.8913857677902621, 0.9026217228464419, 0.8913857677902621, 0.8876404494382022, 0.8838951310861424, 0.8764044943820225, 0.8876404494382022, 0.8838951310861424, 0.8838951310861424, 0.8951310861423221, 0.8838951310861424, 0.8876404494382022, 0.8913857677902621, 0.8951310861423221, 0.8913857677902621, 0.9026217228464419, 0.8838951310861424, 0.898876404494382, 0.8951310861423221, 0.8801498127340824, 0.8801498127340824, 0.8951310861423221, 0.9101123595505618, 0.8876404494382022, 0.8913857677902621, 0.8726591760299626, 0.8838951310861424, 0.8913857677902621, 0.8913857677902621, 0.8838951310861424, 0.8838951310861424, 0.8801498127340824, 0.8838951310861424, 0.8838951310861424, 0.8913857677902621, 0.8801498127340824, 0.8838951310861424, 0.8838951310861424, 0.8951310861423221, 0.8951310861423221, 0.8876404494382022, 0.8801498127340824, 0.8764044943820225, 0.8838951310861424, 0.8876404494382022, 0.8913857677902621, 0.8838951310861424, 0.8876404494382022, 0.8801498127340824, 0.8801498127340824, 0.8838951310861424, 0.8838951310861424, 0.8838951310861424, 0.8838951310861424, 0.8801498127340824, 0.898876404494382, 0.898876404494382, 0.8913857677902621, 0.8764044943820225, 0.8951310861423221, 0.8913857677902621, 0.898876404494382, 0.8764044943820225, 0.8838951310861424, 0.898876404494382, 0.8876404494382022, 0.8838951310861424, 0.898876404494382, 0.9026217228464419, 0.9063670411985019, 0.9026217228464419, 0.8801498127340824, 0.8913857677902621, 0.9026217228464419, 0.8876404494382022, 0.8876404494382022, 0.8913857677902621, 0.8913857677902621, 0.8951310861423221, 0.898876404494382, 0.9026217228464419, 0.8951310861423221, 0.8913857677902621, 0.8951310861423221, 0.8838951310861424, 0.9063670411985019, 0.8876404494382022, 0.8913857677902621, 0.898876404494382, 0.8951310861423221, 0.8876404494382022, 0.8951310861423221, 0.898876404494382, 0.8951310861423221, 0.8801498127340824, 0.8913857677902621, 0.8838951310861424, 0.8913857677902621, 0.8876404494382022, 0.8876404494382022, 0.8838951310861424, 0.898876404494382, 0.9026217228464419, 0.9026217228464419, 0.8951310861423221, 0.8913857677902621, 0.8913857677902621, 0.9026217228464419, 0.898876404494382, 0.8913857677902621, 0.898876404494382, 0.8876404494382022, 0.898876404494382, 0.8951310861423221, 0.8913857677902621, 0.8876404494382022, 0.9026217228464419, 0.8876404494382022, 0.9026217228464419, 0.8838951310861424, 0.8913857677902621, 0.9026217228464419, 0.8951310861423221, 0.9026217228464419, 0.9026217228464419, 0.8951310861423221, 0.9063670411985019, 0.9101123595505618, 0.8951310861423221, 0.8913857677902621, 0.8876404494382022, 0.898876404494382, 0.898876404494382, 0.8951310861423221, 0.9101123595505618, 0.898876404494382, 0.9063670411985019, 0.8913857677902621, 0.9026217228464419, 0.8951310861423221, 0.898876404494382, 0.9063670411985019, 0.9026217228464419, 0.9063670411985019, 0.898876404494382, 0.8913857677902621, 0.9026217228464419, 0.898876404494382, 0.898876404494382, 0.898876404494382, 0.9026217228464419, 0.9026217228464419, 0.9101123595505618, 0.898876404494382, 0.8951310861423221, 0.898876404494382, 0.8951310861423221, 0.8913857677902621, 0.8951310861423221, 0.9026217228464419, 0.8913857677902621, 0.8951310861423221, 0.898876404494382, 0.8838951310861424, 0.8913857677902621, 0.898876404494382, 0.8838951310861424, 0.8951310861423221, 0.8876404494382022, 0.9026217228464419, 0.9026217228464419, 0.9063670411985019, 0.898876404494382, 0.898876404494382, 0.8951310861423221, 0.8951310861423221, 0.8951310861423221, 0.9063670411985019, 0.9026217228464419, 0.8876404494382022, 0.9063670411985019, 0.9026217228464419, 0.898876404494382, 0.9026217228464419, 0.9026217228464419, 0.8913857677902621, 0.8951310861423221, 0.898876404494382, 0.9138576779026217, 0.9026217228464419, 0.9063670411985019, 0.898876404494382, 0.9138576779026217, 0.9063670411985019, 0.9026217228464419, 0.9101123595505618, 0.898876404494382, 0.8951310861423221, 0.9101123595505618, 0.8951310861423221, 0.9101123595505618, 0.9063670411985019, 0.898876404494382, 0.9063670411985019, 0.8951310861423221, 0.9101123595505618, 0.898876404494382, 0.8951310861423221, 0.9063670411985019, 0.9026217228464419, 0.9026217228464419, 0.9026217228464419, 0.898876404494382, 0.898876404494382, 0.8838951310861424, 0.9026217228464419, 0.8951310861423221, 0.9063670411985019, 0.9138576779026217, 0.9026217228464419, 0.898876404494382, 0.898876404494382, 0.9026217228464419, 0.8838951310861424, 0.898876404494382, 0.9026217228464419, 0.8876404494382022, 0.9026217228464419, 0.8913857677902621, 0.9026217228464419, 0.9101123595505618, 0.9063670411985019, 0.9063670411985019, 0.9026217228464419, 0.9026217228464419, 0.8876404494382022, 0.898876404494382, 0.898876404494382, 0.9101123595505618, 0.8951310861423221, 0.9063670411985019, 0.8913857677902621, 0.8876404494382022, 0.8951310861423221, 0.9026217228464419, 0.9101123595505618, 0.8951310861423221, 0.9101123595505618, 0.9138576779026217, 0.9063670411985019, 0.9250936329588015, 0.9026217228464419, 0.9026217228464419, 0.9026217228464419, 0.8951310861423221, 0.9063670411985019, 0.8951310861423221, 0.9026217228464419, 0.898876404494382, 0.9101123595505618, 0.9101123595505618, 0.9176029962546817, 0.8838951310861424, 0.9063670411985019, 0.8951310861423221, 0.9101123595505618, 0.9063670411985019, 0.9026217228464419, 0.8913857677902621, 0.8876404494382022, 0.9063670411985019, 0.9026217228464419, 0.9138576779026217, 0.8913857677902621, 0.9101123595505618, 0.9026217228464419, 0.8913857677902621, 0.9026217228464419, 0.9101123595505618, 0.9138576779026217, 0.9063670411985019, 0.9176029962546817, 0.9176029962546817, 0.9101123595505618, 0.9101123595505618, 0.898876404494382, 0.898876404494382, 0.9138576779026217, 0.9063670411985019, 0.9026217228464419, 0.9101123595505618, 0.9026217228464419, 0.9101123595505618, 0.9176029962546817, 0.898876404494382, 0.9026217228464419, 0.9138576779026217, 0.9101123595505618, 0.9063670411985019, 0.9101123595505618, 0.9138576779026217, 0.898876404494382, 0.898876404494382, 0.9138576779026217, 0.9063670411985019, 0.9101123595505618, 0.9026217228464419, 0.9101123595505618, 0.8951310861423221, 0.9176029962546817, 0.8951310861423221, 0.9063670411985019, 0.9138576779026217, 0.8838951310861424, 0.9101123595505618, 0.9101123595505618, 0.9176029962546817, 0.9176029962546817, 0.9101123595505618, 0.9213483146067416, 0.9063670411985019, 0.9101123595505618, 0.9063670411985019, 0.9101123595505618, 0.9250936329588015, 0.9213483146067416, 0.9063670411985019, 0.9138576779026217, 0.9101123595505618, 0.898876404494382, 0.8951310861423221, 0.898876404494382, 0.9101123595505618, 0.9101123595505618, 0.8951310861423221, 0.9101123595505618, 0.9063670411985019, 0.9026217228464419, 0.898876404494382, 0.9026217228464419, 0.9026217228464419, 0.8876404494382022, 0.8951310861423221, 0.898876404494382, 0.8951310861423221, 0.9063670411985019, 0.898876404494382, 0.8951310861423221, 0.8951310861423221, 0.9138576779026217, 0.9101123595505618, 0.9063670411985019, 0.9101123595505618, 0.8951310861423221, 0.898876404494382, 0.9101123595505618, 0.9138576779026217, 0.9176029962546817, 0.9101123595505618, 0.9026217228464419, 0.9213483146067416, 0.9250936329588015, 0.9026217228464419, 0.9101123595505618, 0.9213483146067416, 0.9063670411985019, 0.9063670411985019]"
valid_loss,,"[2.6398684023024885, 2.639672118626284, 2.638488544506973, 2.6403345472357245, 2.6386755066418024, 2.6390815566988026, 2.6391697421056053, 2.638552094220222, 2.638080014718159, 2.6378223717435914, 2.6378116545159274, 2.6373582797104054, 2.6369290262572327, 2.6362744958213207, 2.634827700447054, 2.6324291336402466, 2.6304042142875184, 2.6269101516137856, 2.623186965113722, 2.6251592591460726, 2.627732372462526, 2.62414835365524, 2.624570527773225, 2.6144396794422735, 2.6038101040915156, 2.5901831187558977, 2.586634885952267, 2.5753374305110746, 2.5600762929809227, 2.5601740803164934, 2.544145196564635, 2.509359970521391, 2.4922499951351895, 2.479658843872699, 2.4901997837681003, 2.439271959026208, 2.4559834333841275, 2.4468323693293312, 2.4028360147154735, 2.4254515037108004, 2.380502975835336, 2.4103835495223715, 2.4045080701063637, 2.3637258363573737, 2.3635591049765825, 2.3683862739734436, 2.3903441652376554, 2.375302194209581, 2.340602678306094, 2.319169109680233, 2.3808157560084195, 2.3657944443520535, 2.353987019606744, 2.3461856020523815, 2.365325737535284, 2.33544395568219, 2.3308884249197854, 2.3206259552459145, 2.287366020545531, 2.3607569196251, 2.3029328062293235, 2.320298795842946, 2.265796259547887, 2.326115630539169, 2.2763141862462075, 2.2613888528016624, 2.253893796870771, 2.2661141161615035, 2.2264535052053045, 2.206177710593863, 2.204897308171019, 2.163114321812262, 2.1326444684789423, 2.080418534939655, 2.072796202777477, 2.054420614063963, 1.9640718667248216, 2.0326055060611683, 1.975522121686614, 1.9969663450333957, 1.914114223437363, 1.8851604841175151, 1.8828236485241951, 1.8909542444493441, 1.8659817342008098, 1.8717773344632838, 1.8462946660509716, 1.7830911057718684, 1.8181238366423476, 1.7509040140480585, 1.7866880599032626, 1.7870676651429593, 1.7753563012076674, 1.7419932486859153, 1.6874165289410938, 1.6684912371724732, 1.6666688517238317, 1.7253078597315241, 1.647316871957386, 1.60127915291304, 1.5863526867570055, 1.626152204663566, 1.6042612817850006, 1.5866754090741333, 1.5884438150384452, 1.5695068367411582, 1.5968136287360601, 1.5631912955630585, 1.6347882979818051, 1.5246881697508279, 1.5299552451358753, 1.526822930864627, 1.4873056496573744, 1.5183920248617393, 1.482920599340946, 1.4537536977382188, 1.4919836989949258, 1.4608748079685683, 1.505029404654485, 1.4356695431448547, 1.4729539883717169, 1.4348432714126529, 1.4015497018335463, 1.443104777443275, 1.3875123842825157, 1.4589550062065266, 1.4090856635168698, 1.432408549365926, 1.391135384527485, 1.385666970903061, 1.3556742578856507, 1.3424985935625513, 1.3232236707701666, 1.371146355228924, 1.31623928287949, 1.3197272154275843, 1.3556486104758045, 1.3139134824052732, 1.3412804625900496, 1.3238456825192055, 1.276261976595675, 1.2894786672199263, 1.2428905950503404, 1.3034190180596341, 1.2695686058158733, 1.255079167612483, 1.2362637122472127, 1.2660284207554793, 1.280407359984037, 1.24777842550242, 1.2549701067392298, 1.2328003984265559, 1.2260197994860818, 1.2147410639216392, 1.2329660274562764, 1.1924665197451016, 1.2004560812582237, 1.2245126087567333, 1.1867706994438885, 1.163201394152552, 1.181050148796053, 1.1637508699509982, 1.1410175869973858, 1.1738556368967121, 1.1379042296820365, 1.1320934885003593, 1.135617483867688, 1.1275116754381844, 1.1335878845457728, 1.1094308145037304, 1.1449445249436054, 1.1227678752570562, 1.0555668944276675, 1.074456791752733, 1.0777395994922194, 1.0819417488262448, 1.0727458933319491, 1.0549502091461354, 1.04313732354382, 1.0189953707577137, 1.0304713865344444, 1.0146415979228216, 1.0334686648086662, 1.0060679336612144, 1.0045754485362477, 0.9882774558406644, 0.9943377435877082, 1.0076325274585338, 0.9910491807630446, 0.9694285758872158, 1.0131570783893713, 0.9734355104103517, 0.9605012350761042, 0.9708034487699302, 0.9765161677692713, 0.9568613642610414, 0.9658530901433823, 0.9496089979057455, 0.960946938964758, 0.9521025490671507, 0.9325486064403691, 0.9454663438296943, 0.908370996682385, 0.9026586603136099, 0.9115322962235869, 0.8988667056801614, 0.9121658944905028, 0.8743895363718382, 0.8611075704017382, 0.8689227729254447, 0.8619607231590185, 0.871134842826186, 0.8773515894171897, 0.8371635867415296, 0.853612976127796, 0.8395703144734272, 0.830417338828469, 0.8302831422077136, 0.8423981233482504, 0.8129070160094272, 0.8093077426546076, 0.7981987079877532, 0.778224095199885, 0.7839499515540591, 0.7960056571031777, 0.7841670075605871, 0.7839511068126236, 0.7794820246625036, 0.7804319871945328, 0.8173192197017456, 0.7845765376805366, 0.7777664308690846, 0.7734289533190066, 0.8421700956223163, 0.7846264651652133, 0.7782434894797507, 0.7545232712552788, 0.7502241496289714, 0.7446944637691484, 0.7514831323302193, 0.7401020531350754, 0.7290594865766804, 0.7561235347490632, 0.7592569846338993, 0.755409261707063, 0.7348140819688861, 0.7212578770373198, 0.7117330076989163, 0.7256877551811018, 0.7290317983216561, 0.7116526164365619, 0.7003167530570584, 0.6782146986950649, 0.6683958286649725, 0.6584071967932169, 0.658957103441717, 0.681245526347714, 0.6523369602049781, 0.6631170589379157, 0.6687763585579976, 0.6491099544678735, 0.6569113572885035, 0.6540457407633463, 0.6558974943357461, 0.6514351845680552, 0.6362052367867602, 0.6359623465198703, 0.6331316304117552, 0.6187830089629812, 0.6329500443033511, 0.6272156783257531, 0.6067684940184547, 0.6006086758906475, 0.6162626348184735, 0.6083990402435988, 0.6023819051431806, 0.6031352792786302, 0.5773273027791512, 0.5675911443510305, 0.5777286257636681, 0.5815378891841303, 0.5718401103430473, 0.5707147034366479, 0.5610001451067264, 0.5561288367496448, 0.552670772825734, 0.5609530547584933, 0.548592285270548, 0.5757618443796251, 0.5557192465785737, 0.5740017877535873, 0.5438860299881925, 0.5356052247772503, 0.5249401647946361, 0.5446616297357538, 0.5309236933676045, 0.5412644949298673, 0.5363026192125756, 0.5436434582824564, 0.5273944630605004, 0.5187098441945479, 0.5151526934645149, 0.5125111645080623, 0.5027083767933792, 0.49552686439917776, 0.5114141001683495, 0.5063855143522056, 0.5182508321737083, 0.49827748202206046, 0.5021120530835698, 0.5141062437371815, 0.5221320986747742, 0.4801676094755251, 0.4904228455564949, 0.5125682662042339, 0.4876681701297617, 0.48613849181807445, 0.4672394603602449, 0.47488173541058315, 0.47707913040221855, 0.48810292629713425, 0.49695671698573823, 0.49344419651710136, 0.493680804186546, 0.5080708397015203, 0.4861674008521248, 0.4825564444288332, 0.4977655131718639, 0.4793519051780415, 0.47871453552210375, 0.46273412619637194, 0.4613383784053031, 0.46882912192898296, 0.4570827158202839, 0.4462330175026526, 0.4626694919911217, 0.4370729820558641, 0.4508324699678671, 0.44408623600720465, 0.4733727002858223, 0.44960280717088935, 0.43643555882271756, 0.45370343595408325, 0.45710711365335444, 0.4534877348928416, 0.44757113976871477, 0.4469528514124481, 0.45219865307379303, 0.4448701652248254, 0.4457698677586259, 0.44292241893011086, 0.4408185589179564, 0.4368962062878555, 0.42009006423896617, 0.4301803527253397, 0.4323784885335058, 0.41805748077814053, 0.42053865605079277, 0.41770568914181283, 0.4171370261170891, 0.4394313684117035, 0.44090635265303907, 0.4245689261272159, 0.42069872276166853, 0.43666996837555244, 0.4162962378634049, 0.4300928942942887, 0.41797828015763216, 0.4078799509600307, 0.4084601246015856, 0.4025788589586479, 0.4254944436112593, 0.4016975752646557, 0.4137804946872625, 0.40223462226685514, 0.4163372405012895, 0.40879773926199153, 0.43013447299878693, 0.40761953011880653, 0.41426828414313355, 0.41248107202044143, 0.4312198687805219, 0.398165312264296, 0.40134124150883393, 0.3958935730912712, 0.40017259790656273, 0.3966459406449107, 0.39371592755174817, 0.40477886449978145, 0.40167219507113827, 0.4041591336887874, 0.38440514191259606, 0.3860679373759009, 0.3926184533463882, 0.38899931300445445, 0.40278146954511435, 0.4049077477124746, 0.38311197661728447, 0.3720389874686909, 0.369188957223285, 0.3695320380984174, 0.3679162006029922, 0.3744118343131819, 0.38528973366437336, 0.3700368253702528, 0.3721438366152374, 0.36755800816450224, 0.37376729334784803, 0.36214770784092304, 0.3706814148899321, 0.36087257953618795, 0.36122352420614007, 0.3659812801339653, 0.37261526381478327, 0.37077761511231183, 0.354891524667597, 0.36308848601155513, 0.3467703962817174, 0.35695885953385287, 0.3692981619736675, 0.3346036063151413, 0.3356824837597122, 0.3449437450268742, 0.32708624395984837, 0.329466140839491, 0.3432453952813416, 0.3454658646931809, 0.3467947327800458, 0.34065509852621884, 0.34866295916757334, 0.3487607054272841, 0.3360354528668221, 0.3553185745348198, 0.35111601511190893, 0.3513669598191865, 0.35720031940088737, 0.3487018940600563, 0.3345075708426786, 0.3673619081018569, 0.35505202345633774, 0.3471398198984089, 0.338905016916075, 0.3342686269836926, 0.3368432678086927, 0.33567552419190994, 0.3404614504022098, 0.3379889480518491, 0.34557978780975057, 0.34728578994336645, 0.342209682984745, 0.32265839650389855, 0.3246377846051691, 0.32587711312127915, 0.3303465122698845, 0.3179796677961778, 0.32637698552135225, 0.33997063065289557, 0.3222089224540339, 0.32851920430356646, 0.31899449006002045, 0.3296742445409075, 0.3236824906943889, 0.329984227927883, 0.3285141463918186, 0.342411649137847, 0.3518862695841307, 0.3211003944891669, 0.3332199909713831, 0.3269017232156425, 0.31616805315240937, 0.3231995882612936, 0.3155478626936116, 0.3165223841251952, 0.3304777099621876, 0.32644112932771335, 0.3178030833992619, 0.3198219748695245, 0.32450765895932804, 0.311584755052788, 0.32859660813424474, 0.3191239562597168, 0.3342896140135183, 0.32990884094425804, 0.32463168411442406, 0.3156522911474499, 0.3198356250587028, 0.31377974872508746, 0.3198426457938184, 0.326072012049875, 0.3369948091578394, 0.30956117825561696, 0.30248238425353047, 0.3163952129833707, 0.3373495920767052, 0.30984265281912987, 0.30507936744430986, 0.31236549056647867, 0.30493433366107586, 0.3168388581677769, 0.30230461820011284, 0.31261904292115555, 0.31813758025678357, 0.30742005440179776, 0.30292737975102685, 0.3255672873964024, 0.3178038081984395, 0.3062964411598913, 0.2930626442258278, 0.2969245215815105, 0.29449022379930545, 0.3263635239685966, 0.30213079704774004, 0.3151788762334581, 0.3049800551674339, 0.28375565051362756, 0.2903569448418385, 0.28416444322143153, 0.2937495628657859, 0.3069217105148437, 0.30536803932448897, 0.2998828924773784, 0.2984390967012791, 0.3169245369425427, 0.31777762523974373, 0.3027128939994712, 0.29464462550168624, 0.30555929969089307, 0.29338219549772, 0.3014742217483592, 0.2953484925103098, 0.3024441153369146, 0.31135462486788573, 0.30378539486324296, 0.3163483396786429, 0.2952485947908087, 0.28977603942490693, 0.300011135386617, 0.3006086875213666, 0.30819839523749404, 0.3101249633545286, 0.3097598840681355, 0.28803856068112876, 0.30068916445144556, 0.3368634997905417, 0.31918279910355474, 0.3296602103817329, 0.30342705598038233, 0.3154540833797348, 0.32917838139033945, 0.3044409856256028, 0.293375731798147, 0.2999396189098501, 0.2986058721716484, 0.2876732966091749, 0.31674570743734026, 0.29690707935376115, 0.29571160953143116, 0.295542466283291, 0.32678648966193646, 0.2787595061438807, 0.2967901865529657, 0.3085567614112454, 0.30533716261163635, 0.31547169582674117, 0.2777137513017833, 0.28958773685528544, 0.2995806982119878, 0.2843313519651077, 0.27905770980017014, 0.27909147767315196, 0.30889235710383356, 0.2912910029794393, 0.3027552766411492, 0.28804557773281125, 0.3060540315810214, 0.30458577663710945, 0.2968001916502299, 0.30180991376830396, 0.2835800326830439, 0.2801417384701275, 0.28724101414617975, 0.34087835545285367, 0.29060204109449067, 0.2919151821777169, 0.2851446489158195, 0.2990106935246607, 0.28742705037196475, 0.29878607484396924, 0.3008975473403484, 0.28631884847464184, 0.2961001426874475, 0.2829536816265699, 0.3059971938642223, 0.27672913821225753, 0.29000426030784066, 0.31108963888571056, 0.2835756392961138, 0.2821956049190478, 0.2687629730569736, 0.2842173036118125, 0.27481250939297763, 0.27683077412151663, 0.27239597692025286, 0.2766153842545627, 0.29188353571105985, 0.3039197939053903, 0.2816023909755414, 0.27387743585565116, 0.27575973552487765, 0.27504719601253447, 0.2630506817544444, 0.28269411377915726, 0.281754179672802, 0.2918506885289253, 0.282710553471292, 0.2696323590946108, 0.2727412360995896, 0.2903327706936147, 0.2769874655240484, 0.2747508120838176, 0.27215895369258264, 0.2821263282486562, 0.2951335313168358, 0.2751153184010295, 0.2790271482998959, 0.27119647625010557, 0.2727119065960695, 0.28963698937875054, 0.2659304051586751, 0.29213791407561035, 0.2768924905454621, 0.26199740333280314, 0.28009834271691714, 0.26372116006045754, 0.2573271833555529, 0.2548322035801991, 0.2638489698872584, 0.2670451962434397, 0.26740972396363033, 0.3015858805023329, 0.2769116416629334, 0.2862731081604511, 0.26057183575094417, 0.25490530767244346, 0.2554782360568922, 0.26057246486457547, 0.2686602288808269, 0.26772915345899173, 0.2866016198298458, 0.29626760500647153, 0.28935566862647455, 0.2783572223135148, 0.2755845928013548, 0.29264518518126414, 0.29004733292351054, 0.31045305120587796, 0.27801809395743665, 0.27587911620568695, 0.28990677350692534, 0.29261953620874925, 0.31318156672327707, 0.28003783976094104, 0.3136435216397382, 0.2805620747782318, 0.267476506056857, 0.27985794007889786, 0.3087877718250403, 0.3046201801255401, 0.2794011781613032, 0.278094068560261, 0.27337928040978615, 0.27821968811169995, 0.29653718222058223, 0.2942750457855646, 0.2993807571099492, 0.2791921994770957, 0.2821050904663315, 0.29504842531591763, 0.30394613695390216, 0.27179136716024704, 0.2686089835921477, 0.2997627847650078, 0.295168303539244, 0.2759834388445379, 0.2888576512814461, 0.28173146592208953]"
